5.184740368983198683e-12
3.648759484202652900e-11
2.729549406720833625e-11
3.150586310909869208e-11
7.763307045375233478e-12
3.457987703699004212e-11
5.756578621376066511e-12
3.591235150680417e-11
2.4432141718965563e-11
7.502054103698500164e-11
2.111254592035201136e-11
9.537511607433135e-11
1.084036332016059312e-10
2.026288809054629198e-10
3.736295382068019e-11
2.186477888293578280e-11
2.722482174722213091e-11
2.985607570467718341e-11
1.319733042171252304e-12
3.225422397200886213e-12
3.005113895388904026e-12
6.821915908861078337e-12
1.729324451151409049e-12
3.269175961319352856e-12
1.588674512106116338e-12
1.486434671357010099e-11
1.592538812833567164e-12
1.422666638527023524e-11
2.164481890135169191e-12
1.411569950031030848e-11
